[wood.jpg]
backuphash=24547
text=3;161;40;Known for forwarding&#010;resumes to comapies;Arial;0.040625,0.353134,0.038889,0.000000;v1,4289790009,4278190080,128.000000,1.000000,0.000000,1.000000,700,0,49152;;163;42;MOU with IT and &#010;Non IT companies in India;Arial;0.372916,0.366336,0.038889,0.000000;v1,4289790009,4278190080,128.000000,1.000000,0.000000,1.000000,700,0,49152;;186;65;Fullfilling the responsiblities of&#010;the Students and Professtional;Arial;0.725000,0.379538,0.038889,0.000000;v1,4289790009,4278190080,128.000000,1.000000,0.000000,1.000000,700,0,49152;;
textactive=1
moddate=d90192ea2c3bd301
